
15 2
202111222112111
222021022010121
021122111220121
212121020202011
121222201212111
221122122222222
111122102122121
010112222001221
222121222212112
111011022221120
111222211112021
221011222221221
122011122112211
210111111111211
121212110221112

15 2
112111112021221
102222221212112
111101221011201
120212111002011
222021111120211
112121022222212
111102121212120
122122112002122
102111121011221
202221201121122
222212122112222
222210111122211
001211201212211
211122101212212
221221221112221

15 2
001221021121220
121110111102122
110210221211121
111121121121112
221121222111221
212122222121212
211222121221122
122211112112112
212121220212221
021112022202221
122221020102110
222211122021010
211222201011201
211221122122112
211111212001201

15 2
211222012110222
212101112112222
221112111211012
222111121222212
212122221121111
121112022101211
220220212102201
112112021120120
222222221212121
111122102111111
012211102220010
212221121112101
122112222120211
212120111212111
202211102222012

15 2
222220011222102
212222220012211
021212012112122
112122011122212
221222220121212
122111212110221
112112112122110
121112121211111
211210112010120
202201021211111
220121222121101
211221012112211
112212111021211
122112022212222
222210112111021

15 2
112122122122222
112211221211121
102112211211221
022222211122121
122000121112021
222222222212220
222122211110220
112110101121212
221121101121102
012012121211101
111111012221011
120112100212121
102011121221222
211221121012222
211221211221210

15 2
211212211021211
111121221112112
111210212211211
111210222111112
221211002121222
222022122222212
221212022100211
120202222212002
121112021100212
111211020201212
121112121011121
221212211102212
221111222112111
021220220121212
112212122021112

15 2
212211211212221
122021220211120
111221122202102
112122112212102
120222201211111
211122221211212
221112211111122
112121022221110
012122221121112
202122101022101
100112221202122
221112121122011
121122010121111
222120221121201
202011221211212

15 2
110112212222210
122212222121121
112110121121112
222021012102120
221010212111100
121211221221121
101222112211112
212102022110212
212011111222102
122212222122020
112022212111121
112211121122212
222220022212110
211120102112112
112111211212212

15 2
121211022101111
122122102222122
121121221121122
021122210112212
221112202111200
111221121120221
112212221010201
221222212202222
222101201121101
201021121222121
201021211121222
121121201121022
121100221110211
111122122221111
112112111221222

15 2
202121112212212
111202121122211
222101212220202
111111121211111
112201122212211
112212222021212
121121211112121
122222010202111
112221212220122
110201211200122
221222221221111
211212221211211
212111012201122
222210212111000
201121012201120

15 2
221211122112212
021010111110212
221101111212222
211102111211112
110221221121001
122222212202121
111211122112121
121221110011122
212121221111222
222202200111022
101222001222011
222212212021012
122112111221122
012021122112222
212111202222111

15 2
111001221211211
121201221100222
112221111222211
111211100112221
222111122211101
121002122022222
122112111222220
122011221211211
012221102012022
222112122221111
020121212211222
212112211111111
121122222022221
011102211221211
011121222102220

15 2
221111022020112
221122121010011
212210212212121
220122222211101
022222121212221
211110200122221
111221112122112
212222121201211
221111212100201
112212021112121
210220211112221
112212122211111
202211111221022
211021121121212
012121212221011

15 2
112002202212221
112121212211120
211122222112211
222212221221102
212221121211220
221011122111121
200222122122121
111021211111212
112111211211120
002211121100221
011020111111222
220102112222112
022111211121121
222220222212222
021121020111111

15 2
212110112212211
111221211221111
212121011021210
211222221201222
121111212221221
201221122211222
211221212112121
201212212222022
112011122111111
201102012222111
212111120112202
221011221221111
201220220222210
011000111211212
212222212101021

15 2
021211211221221
121211221121210
121212122222202
111111221221211
201211212121212
210010101211222
202220111122212
111211121201112
201212220201111
021210111112211
112122220012220
121122112211112
210222022211121
210021221212011
221122212222201

15 2
121221111211222
221211022212122
021211111121121
112110212212121
102101221221211
212121212222122
211211110210121
111112011222222
122212122212211
212201120122221
122221020112010
021110221221111
111122112220110
101112010120102
122222222102220

15 2
121111122211012
211122111211200
011112212222121
222222112211211
212222222202112
221212200212121
122201211121211
222121110201120
201111122121011
212221112200211
212212122011022
111201101112212
220212101121221
112222101021122
120012122111212

15 2
222111212212112
122112201220221
221111021120122
221112122122211
112212222121211
111221211122022
112102122112121
121012222120111
012111211221101
121101222011100
211222122112212
121021112112210
222010112110220
212222112020011
022221022111221

15 2
222211212100101
011101221122221
220122211212221
120112022121121
212020012222112
221202210221021
222212110122211
111112222111110
121211221112112
202022101221022
111122222122011
122212110221121
012221210012111
111122121122221
212211112211111

15 2
111122211211012
110221112212222
212112101012210
022212112222002
011100120212221
121221112022222
121112021111211
222111121122121
221212122111212
022111121021111
222211021121121
102222222011122
121100112221011
221002221212122
221211202121211

15 2
122111222211201
110202220112121
121211221121222
012002210201122
111002111122212
002022122102221
121022211101221
211111211211112
120221111112102
122212222121110
122222221221221
112211221212122
210201111111101
212212122112212
112212111220022

15 2
211021121212111
222122120022122
112122120212222
212221221102210
212100012112212
012220121122010
221112122121212
112121112120111
121222221122220
112110221112111
111122221201112
101122202211211
120210102211212
121001221221121
110221111221221

15 2
112112111111220
211222112122121
211212110210101
222211222201122
121112210201222
212211212012021
211221221212121
122110211211222
122221101012211
220102220122121
111221211212211
211221221112121
021222121202012
122111202111022
112021000012121

15 2
210120111212111
111221112122122
021122111111220
221222122120111
221110221121122
101121122221110
112212000220121
212221220122221
111222211111021
222202122111112
220121122112220
212221112212212
220222122101122
202212111110102
221202110111101

15 2
111222111201221
102120121222112
212211100122221
222122212111121
111210211121011
222212102222210
211122220201112
112122111111011
212211110121112
021201122221112
122221111222022
200212212110221
111212120102222
221102200012112
212122112212211

15 2
111222011101111
112022212111210
021112222020211
101111221121222
222121011212011
211202222221121
110210111212222
201021212222211
102121122201212
120122011121122
211012211222021
122212221102121
221121212221220
212112121111221
112120210121221

15 2
122111211022221
121211120121121
121000122212212
111122122121122
011110111222212
222122122222220
122121010222122
211221221110201
211111221102012
121211211011210
210212202212212
012202112120122
221112102101120
111111222021112
121112122122122

15 2
111221212211012
222011102212111
021122110122111
221121022221211
111222122112212
110121212012111
202222122221222
222212200112122
120121112011021
201101112122222
112210121210211
211101222210212
101111222222121
121210122211011
122121120221210

15 2
112201111111022
112112211211121
211221022221221
022002021122221
222011122221102
022221211111121
111221021121112
222212102112101
222210102212221
111211110111211
121211120222110
211122221012201
112210221212012
212201212221222
222122211110201

15 2
211111022222011
212112011122112
221110122102011
021212111221011
211101121122111
112111002120220
221220022210200
212010221211112
202122212012221
121222211112222
112111212111122
110112022121222
222222112122121
221112221221211
220111121121222

15 2
022121121111211
222111221112212
222121022121122
122221212011012
221211000001102
121211201212121
112212111112022
112212111102212
022222010222121
022121112010202
111202122212111
222111100121201
211221121221102
111221122211222
122222111211221

15 2
021210110222221
212212202121021
221211221111111
111111212221221
212212222121100
212100111221112
101221110210122
122122212221222
211111122222101
012211212120012
121212012101222
211201222112012
222222122122221
112021112111111
110200111122120

15 2
111022202122111
122210222111110
022120212111221
122202222211111
221202211221122
201110222212211
011122011212221
212122112121101
211221220110022
221211220010122
211200222122211
212121122212121
221112101121112
111212120022121
111201111211122

15 2
112022211122220
112211222202121
121121112222112
112011111111001
201202212211201
121201211111111
122022122111012
211122221221110
210222222012221
201212222022222
122121211120111
212022221020221
101211111122022
222111112111121
222110121201212

15 2
111211121201222
220112110102122
222211221211010
112121111212022
110100122021112
211121222211112
222211112021112
112212011221221
112211122111122
222212112222021
122221202121222
101220111112101
200122211221121
222012020111210
211221122222101

15 2
222010221111112
122102100211221
101220212112022
210221102211211
121101212112111
122220121222212
212211011111202
121221221212210
111221112222221
102111222111211
211221122211112
110110121111022
102111011102222
122122212221211
220222212020222

15 2
212122212221210
122221221121112
212211211222212
101112110022222
221022211021212
111012211212222
111112021212222
221202100012211
221112111221212
201121202101011
101222012212121
102101112121010
110222111212221
111122121022110
222212211211111

15 2
111021211120121
221112022222211
102121201122210
112212121212112
111222220100121
122201201121122
122010112211012
122122201221122
121111211212021
212122111121121
220111022121022
111022022222022
221122021212212
112112111221211
122021111102221

15 2
211202221210122
211112222112222
122022211111122
212221011212112
212221222010112
211010022122112
221121211021011
221222212120011
111212211100211
201101212121212
212021202111121
011222121211111
122222112122212
212112012101022
122111202112110

15 2
212111221212221
021112212211221
112012222121222
122112211211111
222210112111102
221012201012121
101121212202212
112222011122122
220202001122112
111202100221221
211112121120111
222122021011211
212102102221221
112121112121021
122112002112122

15 2
022111122212100
121211102221012
212122000221121
111111121011121
211212121012211
012122121211212
212220022210211
212221222112122
121122111222221
122212122212010
221221110212021
212112122210220
111211212212210
121012220122212
112111011210211

15 2
111120111222221
220210011020222
202211020101221
212111112222221
210201211221211
211112010121112
222202212210212
212212011122122
222021221112121
212112201112212
212210201111110
121221211121112
111111212202112
121122221211200
222122121211121

15 2
221011121112222
211011221111201
221121220111222
212212111112212
222010221221122
222212112221121
211122000111221
011101001202112
220111211112211
022212012221222
112012121112222
212121010121212
211212211122102
210121112010111
111222222012222

15 2
022222211121210
012122121221012
121222111222112
222112120111222
122212212221122
101212111111121
100210112101222
212022011122112
222211212212110
212111220121121
111211212202120
111221111221012
021121111200122
010121112221020
110211222222122

15 2
121220120110121
211221212212111
111212012210212
221212210212111
222112121122121
111202121012021
211221210111112
211121221122101
222112121220200
120220221111222
221112022212110
121222210222112
100221112221122
121101122000212
112112112122212

15 2
122222022120022
220211121122111
221201022120211
110111112111211
220222121112111
122122121202021
112221201100111
212101220222120
212221122211111
211222012121221
021221122121212
101212102121121
212122110112211
221121022202112
111121212021122

15 2
221212111122211
120221121111201
222111221110112
020112112121222
202012221102221
211222011111212
212122121121111
121222211102022
111111101111221
122010021021211
220212201222122
221012211011202
212112111122211
220201021221122
222021121222221

15 2
112101121212121
002022112212221
221011200121221
012111221111211
211001210111122
112210010222111
122221121212212
112121211221222
120121122120122
212122202102111
112211212222121
111121202221211
101002121222211
222221101101220
221112222122221

15 2
212122112121212
221001122112211
200212220111202
011112212111121
012222121111112
211111221112121
212220111222112
122221011101012
121220001222220
011111211222212
122120222112111
121211202211120
221212210211212
110222221221210
212122220121102

15 2
021102211222122
122121111111221
212122221122112
121121021122210
011022200022112
122110122111212
101112211120112
220221222122122
122212112212202
211121201112212
022221221101022
122112111121001
112221011111211
221222212120022
111111011221202

15 2
011212112101212
110222121222212
122112211112022
210011212122212
222122202111222
012102122212112
211120112210102
211021222220201
021221112112222
112011112221122
212112122121201
021112211111111
201110221212111
101210112222222
212210211111210

15 2
122020111212121
120221211222222
212112212212221
221221210122121
111202211212222
111222121221211
011121111111111
222222102102201
212212021221011
121111221022122
221101200111101
221221122112121
121211001211102
110121222201121
222202201001211

15 2
211112201110222
012011221210222
222211211110212
221012211211000
212111112111111
221201221222222
211202121121222
222011210222112
121121211211222
210201112022002
222111121022011
221122212221212
021112102111110
211012222211112
211112121122211

15 2
111222122112121
221201121111211
220110022011211
111122022110021
200112122211111
000111122221210
222112112101222
220211212221111
121121222122210
212221210221112
211202122112222
100212221211121
221122211112211
222012121212002
022221112111122

15 2
112212221112222
112022112202200
212212011221011
112020120111221
001211102211012
110122221211222
122212122211012
221110111122222
102222122221211
101101120211121
212011211121221
212212212222122
201212121102211
111120120211112
121222111111222

15 2
022212210112112
202122112210222
210211121112112
221120111121121
201112212202012
121121120211112
111222022202122
112202112220101
202221110110221
222221221211210
120212111121112
102121221210102
211211212212111
222222211122221
211211020111121

15 2
021221120221012
221122022112221
101011211112222
211222010212011
111221122120012
122102201102222
121112112121211
121101112212212
111220120221121
211121211121112
211121122012122
211022212221112
121221220111222
221012121211002
212222002221111

15 2
221221221110211
112222121221021
111212112212110
202121121022112
121112211121112
122111022101222
121121111102222
120111021021110
121222210211202
112222201112212
201202122121212
112022222222002
122112110101222
122121112100220
221122111212111

15 2
221111122211120
122122111211022
111222221211121
112211222011202
211221100222101
121110112112122
202211112201220
222111111220112
222221122202222
101021122202102
110102021121211
021212112222122
212120121022211
101112122212112
221101221112111

15 2
122201112122010
112122211222122
122111202210212
021212112121212
021022021200122
221222112121111
221121222221220
221212211212221
012112110201211
100201211112122
011211211212021
111112212201102
112220122111121
021212210211112
112112122211212

15 2
222212122112212
121211112022111
212111001111112
111111122202112
110222202112220
221111012212212
221122122112222
220122112111211
112112221102211
221211111020012
222212210121211
122122111120122
101122100220112
222020021212102
120112022112221

15 2
120121211111211
112121222211222
201102121112211
211211222121111
222122222200101
202221022121122
112111222022201
111022112101211
010201012101220
220111211202122
221201122121222
022222112211122
211110212111222
222110112212221
111111210112221

15 2
211222212122100
111122201212221
112221210102211
121212211112121
212112221121121
112201102122121
221212121221210
211211111121022
220221102012012
120221221212120
021211202120111
212121211001111
222122202222221
011112212212101
121012112021212

15 2
220111012011110
222221122210212
211121212211112
122212112121221
110011201211112
212122112101121
220221122120211
122200112020110
211212201122212
122111121211222
222211202122222
221022211102201
121012101112111
122212122112121
122211012212210

15 2
212221222200221
101211222121012
001212221122101
112122121122111
201102110211021
122221212111001
111221222012101
112212222111212
222211211221221
211112210210012
122112212211220
120102222222212
111102112211201
220111221121222
021212121111111

15 2
102202111122211
212122212222121
012111111211122
021122022101102
110212201111021
202011201212111
220220121222012
122111202202121
111121122211112
121021222222221
222211212110011
221122102122211
211110122102112
112012212211122
121221122221121

15 2
221222222222222
121011001121211
202021212121111
022220122221121
211111221211221
111122011212211
012111112111221
222121111212120
112012011212222
221122210012122
112201201121211
111122112122111
021220220122221
122222200211021
121210211110021

15 2
221222222212222
112221122212111
011121211122102
111211112212211
110211221212122
221222121111111
211112212121121
011221022211121
102011012221212
202221011102211
111120211212221
221212212110211
222112222120021
121122002022002
101122010212010

15 2
102121110121021
122220112121221
212212212122010
121121112102112
221212022121221
110111120221012
101221121222112
222110220101121
211222102101022
222221110222122
112212111112221
112212121111121
122110211221022
121120222212221
221101212201101

15 2
111210202102011
112102110111112
201112221012212
221221121121221
122121122221121
112001211111010
120201110221212
122122212112122
211120122102220
121120121212112
212021212222112
222010121222112
122012222121222
212211112120022
111222221111121

15 2
222111212201221
221221112222112
012011101221221
212111111122111
022112212221120
111220211122222
212112221120221
121112211122112
102101121121222
101121100022112
220222112001120
021201112110212
122222111102211
111122021211201
222212122012122

15 2
210122212211121
212221212212111
111011121202111
221121122121201
112211011202201
212212222122211
212122121122122
102121211122110
212222122011212
021121120112212
122211101021221
211212010222102
222202120112222
210112111011110
012202121110221

15 2
112112012011201
220210222212010
111122212122111
021102122222211
221122112121111
211112111122221
111202221111122
210221211212120
211110021222211
011121020121112
112122211112122
222121212112222
001022222101021
122022220211212
112121122012122

15 2
012211222121111
111112122210111
220212021121222
022111122221101
120210112222112
012211111122222
211102112111102
220212202112120
211122222120211
110211111202221
120211112121111
201220122212212
101221211201222
112221222211211
120012222221120

15 2
102122222121020
111012221111220
222220021111222
221212222121122
112111120111022
012102111112211
112012202111112
101211222221111
212211221021212
120220211120102
211112212022201
221122122112221
212222112110212
102112221121021
111122122111120

15 2
021121121021121
122122212112222
121121112122112
222111212221212
021121022102212
122121102211112
221211200211111
111221021122211
221112120121022
122211202022212
202212110110112
111022122121202
022111212101010
210221111012212
222210211121221

15 2
121021111222221
111221122101022
222111121221101
221112121212201
110221122111012
211122211211112
212121212111221
121120011222222
022102010211220
222122120102221
111012111010122
222121222221221
122202221111122
122012121112211
122121010220101

15 2
220112112002122
101011101011222
111211212122121
211110202212022
111111122122210
102111212120121
021221212212022
221022211112122
212201110221212
111121222211111
222222022112021
112112210021111
212212111211222
110202121122221
212121102222122

15 2
212122122201012
211221021200211
222122212111212
211112222212111
221211211111211
211202112112112
101112201111110
001212212212221
021221220022111
021211002211211
220101122222221
122212222202111
212111212012021
111112212112101
201222221212210

15 2
221222212121022
212222122220112
211020112212111
211211011221112
212212212212010
201100211201121
000211112112012
112111202222222
112222222211211
212221111002212
212021121022121
111212121121112
012111221121021
211112112211222
212220211101101

15 2
121212121212010
112100222212211
211221111121111
121122212022222
112110122211120
110110221202122
010211121122111
202122122120122
222001221121122
211202211111120
121121120212212
002212121202022
211121212201212
122121221122211
121101211122212

15 2
122022211221211
222222121021102
102200221122111
112021211111112
111122212110220
112222212012021
120122122222101
020112210221011
102122212111010
121212211211122
221111111122201
201122211121220
111111121211202
221211022222122
122121222112121

15 2
022112222211120
212102002111102
221121022011221
122111211112111
211211122112222
121121011122221
012211112112122
211111110102102
122212212101111
020120112212112
212122211212222
121202102102212
222121020212112
112212220221212
121122221101022

15 2
222211112120111
221212221111211
211211211120122
210202220122211
121211122212222
121221020021021
222121211121101
122111111112201
201121122222212
111222201111211
211221211222110
120112210101222
102111221120202
121000012222122
220112211211222

15 2
121111212221221
121121212221010
122011111220122
111102211122120
210102020221202
220121112212111
111101112111112
221101122122111
211222101210122
112121221101222
110222212211222
222222102221212
222122211012112
221122202222201
111211121001021

15 2
122101121100111
122022022112222
112212211001121
011102121212212
201202221111112
111121121112221
221222212122221
201210212121222
202221221102211
121111221111212
221211222111211
101001121111122
112221012112022
221122212122021
200202102222111

15 2
222201012121111
121221121102121
122211120002111
111122211121210
122222110202102
101202011222212
212102111121211
222111221221122
222102121211110
210222122111122
222101122121112
222102120221122
212211110111221
210110201112221
212212212121220

15 2
122210112122211
102221221222222
111111000111212
111102010211122
221122212112211
211122120122112
221021012211102
112112212212122
011222202011201
112212101111111
122111120100221
221112120221222
212122122221220
112212122122121
020102212121121

15 2
101212121112211
211020211122112
100212212222121
122012012121212
111210211122211
022211202112210
121121121112122
001220222111221
221201111201212
121222222112211
122222012220112
022122221022101
012111212101222
111121122122111
122011111212220

15 2
202221110211220
010111121212112
102211112111212
121111222110112
121222212100222
222222110111120
011202122112221
122100221121001
211212222222112
201211122121222
121111201211122
221122212212112
212120211111011
122212212212022
220101211211102

15 2
211111011211102
111211220122210
020122122221211
112112222122212
222112111212221
221122121222111
012112221202111
221101110111220
222111122222212
211221222111011
211211102120121
200201110122121
202101220220112
112010222212122
112222022121111

15 2
112222222101220
212221122111222
212111221122121
101201001111222
212211111121112
210022121111101
222122112222121
111121212122221
021112110202222
022222112122111
101112111221110
202020221022121
102221222012212
112222102111121
110011210212112

15 2
122201112110211
212211212010201
212101212110111
222212211202021
112222022222122
122201201211110
002212121022112
211121211212112
212222122121111
222122111122211
122121112221211
102121011221121
111112121122200
112102121112222
202210102221120

15 2
112210212112110
021122121102121
111102111011112
211000121212112
222012122212201
220112222111101
222112221101120
112010012211122
222202222022211
121121122121112
222111221112210
222221201212222
121212012222121
220111111212211
221101121222112

15 2
121122101122021
101211111122222
220211202221211
121111202112111
121121011212020
201222121212012
222212220122122
221102122220011
111201211112211
201102122212222
222122212221111
112110121021102
122220111122112
220211112121201
112011122212121

15 2
201021222221212
121001202110202
122222222112111
212212222222211
111021221222212
112221111111122
121221121222111
112111221211111
120221001121221
111102211122210
212002121112111
022102122122002
122200210211110
221011111112121
221211211202222

15 2
211121122211102
122122120122110
112222110120212
121121112122222
212122211112120
121122022112212
021122211102111
202121012111102
212201011022222
111121211221102
221112221211212
111111011012112
221221120112112
212022120122212
120220012221220

15 2
012111221122211
221111011011102
121121100212212
122112222112112
202122221022101
221222011120210
111222111001121
011122101212222
101021211220210
222211222222121
221212221212201
122112221112112
122221121211212
101122121112012
122211012210112
