
24 5
545023032433411521513304
525511350343451541421551
400455201211401254201354
153203402230533513543252
454105010441435113514430
345152553014112055353410
515404044014354450553132
212433424225055341451525
015501131224204212355351
442201340350411043301515
533145502434223401510412
342434414125244553302335
053400424234340212405133
513221403125525554305220
522352311542223243025230
223245114141022311514430
212145534024330313104220
524234505141233200114044
415521213250424251405250
413225250330313350233315
252141411332233130433223
141422115022544335211033
330210120315224524304253
311020140400523511140045

24 5
445242033024011515313340
522225440425235350410254
124523525433330122503231
334541145152354204441151
234044400315555345115414
324455155401325151054352
050322441231313325235001
520503243322013221103304
305224411231203304025324
122151345112100454221335
305030551510134352541351
321422504302344101113121
154154241332511501001242
025300541334125454340200
353141411221414002214223
050531550530400101542253
345521321042202333454231
335201255232013243405210
411354532105025242215333
511445235514400044134535
402532431324233342454402
514305132431115100450104
524154025122521134435312
214341343025213055544432

24 5
304405542135130502512012
145321522030543243421335
030205450501412323410254
022204112121011332140312
024413540233452502335522
435034432323153213215444
331452405504110045142001
042132133453125032140343
430354551155103355250513
343123114540221442522114
514214241245322233301230
503121514542514245121424
535432511151041002145423
254045504512502431530352
111114445554514523551233
513215203052555101133544
513411154441003431122203
235045323215120414343041
525335353141432352420505
541042502454501404142112
405303042403402525051223
250335441303402325324413
304150002412345313150322
435423231505100321433212

24 5
012332011505423540124134
321214235345115112005212
103513335332445245510554
054331002144123001042134
012450312155144223355342
441313523453023422152152
442433333415523524321524
143125503554224125113321
554451404352530440320114
425154100314355122440245
034503551524111250421220
450101232044532040223433
454434342143534021441425
022141033003253454513530
135453323531455431241105
502354234021554343101125
113515050320513053102244
554132513435454100302240
430545131323120032232420
315333220124115455410232
102010122524405313240114
002541503134403221140425
252232335130541032114011
222045552005455531315210

24 5
515455024220004010252132
355231403435431202202105
200231255503443210410143
040503302125542502141101
325050552003544303551451
151122501125510221042312
521443501514443131231524
411131533025340343312020
420442153354101525453152
051203032234205512431134
533453215411422422414423
114405124343533305030142
235532223232300155225114
242514310324232324514201
140532154224451142303320
345405341522154553505441
144312432511453303440333
342435501221415550515021
541351242544055010144550
410033321344531324014425
135114321351533234533531
214051045441433415124555
341455132030224223212034
403121034353420052221003

24 5
113432413332152134014353
241515241314532550252003
204432344124254002211134
330442550115325324201451
555224535305204123150412
344102005030412503120102
313043115014250513024040
415433452221323015414212
541325514405003522012042
144343553144543454122240
341141534225255042131230
150412524123042101550223
300524050351210155445335
151101543412441234303141
134214105554112532543205
125145543131113121151232
004203233435231233350103
040231330445055543253023
253432141554145314035014
023513523341223541530041
324521223532320041023343
205203545524445242122043
031305344555210025132240
345241515415245453121503

24 5
435431452152141011500053
341434144552211204252320
451432214512215113224520
114105130013330130453354
131511454245214425251434
222202120322042504305334
021211254350134143441203
503404055330435210525153
255443530115554524232553
314513411103414143332550
420302244341345040024151
300352500353221344135200
445131311132342245050225
411025211252202341335125
332500253004402013351351
333155505223520415410012
503225310252420231430111
402120244011334041320335
453552124314225125015114
132421223323231430422434
035511025411441540210425
351415253430555251241405
530554543401345444000323
253433525344421343515023

24 5
324124432423341052002213
411103131030534212511211
532423354134413105113242
340105232522352543431553
233453412103511301522023
032414314010024323143405
225501050021143422204051
401424420054215211023503
315144213045514450253144
012550255335502021051255
352111201152444350334045
041235225420135105405330
110450232454224401453352
434202122032534412421223
112030435354322450154550
112033545104340333242331
012013155230204323002350
252015554105341123434234
423514345243234315101131
045355231040535150541510
133443115354343213514221
245545422204512545115454
303212440151401515203354
525523354425515421303144

24 5
135231142145551303402215
500041333203450153050241
434142442231544414445241
434132433541511254544115
225343312331421304145313
445125312035015543544412
234552213430254141304035
340032153035111234411251
350333522133453434231355
250222445132443201452230
345015420441124243344212
311321352325341402442515
023051120133502522341351
435550145512352440214114
323552232101515005411524
355305144120452341013251
044025512541523201050523
145500003322324412051550
053035001033414421431325
332241005442213213222220
032013200235535013055254
303305551014020310210445
105442152223405002255120
125115254304351313104142

24 5
324011054343105501223145
320040031445353422152121
122314103054050342142114
331233541501553003521541
234433504211054514415225
051134332401251353045012
233114554002241021334403
203345241451151155123125
403421502333140205524531
433023544425221250325555
122424552101020335230353
214435245045341541054252
344151424420354245550012
553102231320145001432410
343143102134231312022053
533111423532025413400241
204151415543554013323451
224153423255215054435023
402035214114145430021253
003544030104123332013222
132412022144531434241322
405341254303504042251124
145305155540551152043034
123330225325533415521115

24 5
513103453033551102323553
323252555504413142145020
213200135142511032511402
324241224543224332042230
405441354241333525145402
350335520411154104352211
212124555512544445522304
322344513513131402230343
543415342524425024412322
234442143205215113211123
502104242333353410330120
144505543220114351334345
314145233551535211030020
105122431211144241405033
243055555500243545334002
412145042454012052335104
113023412154100422405204
150050213212451031214510
155034502020241421034431
323554452154210055450353
531502411124125245104003
313351530144443352304352
032142432231111350523431
345500511002234101535523

24 5
155110452222024335222431
123313555132002435005520
251340034412013543410402
254543450112441432540003
235412214145455205544341
553243133014255104443350
205145334013510550221130
523201125003324122105521
404044423043421413513044
120203301311222231343523
353403135231124501213341
124545451351525052355022
315222215440143502352234
513011413441413355455413
232543111531345343355435
435442155450043433540042
102250315151221353120314
151224544132522014314002
253551340250155350404222
235302123024410441314433
420302055432501111302432
251515154250122432031540
201002013550215441330222
022141411334034511345345

24 5
145130533101055555154021
512525011455442342143402
215544423552305215050241
153301520145525354431250
131340302515145033232403
440421032033013434012213
531241545205121454432331
313501434425505225435410
045111104444200525224225
144423131024334251550415
134435413052140552321414
545051253301122010433211
414131231320001453230424
103424242554442053220333
005125245443453431550413
153313023001050215303255
403221250535152154201342
025021521205320352251153
543215311354425154212440
034103141323111423343005
405022343224343234243203
031420453320124232311502
211322542253410532154123
324044335532111110541450

24 5
041022024105113210144125
051322520322553552431132
331422532350135105553455
544441334425344115504412
033124205415231300044245
152220051524115434232055
230331555111012214300031
533305511331550303201103
522245541515353532051122
503110144452333242121253
024340324503011134305421
215144501154544244245021
421421401451245002322331
453330324034554501324200
311353300123313240055230
304103423555054454103030
553225215322404404335115
333552215344542012305342
050434430155054142441424
243143124041334135544121
232352222142111142433550
223553335403255521301053
443115224412041235411240
204210154114242502312110

24 5
444222300442035042154335
210144420550415215034105
444405412031145543324404
321124001120315313434154
102551142110152343004214
415123222322234543155510
455342325340052544315043
035253255533310302313314
235334122344212033510535
004204220111001131513432
111200222421514254430021
234322453514550325502410
405211324121434335112123
504304031552551051315134
455032445250423122042205
104522131524031432515044
012553504055323545003153
550225510205531313110111
403222025232123425410112
545141343505232353135504
531343232015514451525123
233321422132313005144415
144453121020445310235435
352404024324410331352434

24 5
423431125153325442411535
323022240545151532413325
541033453013203131252143
402424330301044234321150
423111310354233132331022
445154045422502235122325
020001444523442501541215
025344355004314152503151
341202005222314022125413
530332252345132520120522
242221355141554541113132
243405114303521142455031
103402405053445145352453
301415451531052053553311
344232004032301551305405
420123222315500451554225
353532421310255404102354
103434415110544042110355
231221444211544445313124
032053240524351211541135
551330350051452124304202
412330104402241121545015
144430024053054450332230
054443315211330211332511

24 5
042440354341012545131132
253341145003533115121222
111203222554421304400101
114542503045152525025151
415044250245504144503354
213220035334153530134223
151550525525005003154401
245210104153312513333353
504555301202215143142044
443313454123234231435215
154313235322210334455503
024113114555434512411032
011242225355054133253005
522051314410352343452342
320302544241204553320040
243021041445524055522422
113342354543552353141530
340331030153555452452411
312323403325040025204300
012242432130303131130204
223212543213311440514201
201532414204114344441453
212542151545120330250422
033125212424314155111014

24 5
134445355255354432310111
453552351212512550101204
010053530453220324241024
251325533214054200432112
344042331034141521354533
424204525332243053024443
141450203531324405325552
142545105141145544040521
535112513505143351332215
401120423002341411023333
025355443102423540035512
200250152504242431514053
511544110320522031230241
424232343113134120424154
114334425301234551423301
204103335112524132212331
233041020543053213245144
110443520213132245131034
245010312042052405035335
250321231211514324103141
014341551212420210300413
543301252325415500235521
404003342124523530455055
554514415551434521252423

24 5
321130554241522402111244
555154041351515344414232
015204511135034412151042
412512250354532234030512
211234554550430215513351
440022221500411555502530
133335413055322233454113
330433451110020212345445
444400213254553501534221
112251311524430235532533
322001430014114524025544
214514351245113455224244
145400543053051234432104
400425521252105435524212
430504223152553430314351
412122403125333500533355
023431113530205254404313
410244200033330342341125
014242441554020133331520
254220440552542233013121
440421101223125021215311
153304503311134030124534
134200111534245212455303
353543250203021232342310

24 5
554105503033453431153431
413032130553211332225522
015335331201130544411321
244515033005201131102230
331233455214215250444522
254144104141520350143315
313425143243422403353252
525142033215012241515433
041224555424245233205454
100034322355141445130421
035554001141105515522544
251053515555143215544105
253103514342401250231321
553525153315353012512233
332200311311402314243244
102252141542401132450450
140535322151143101143002
534234313301422001055410
532251022322102324202141
442120432320423242345000
231003251510543123551210
354024310415435454434334
420013254025422545124150
350425304404431014044243

24 5
212554425010033415033505
123302105132442325042024
133243035111024042325133
534412345133204010554021
531445403531254233331051
213352403305234541120351
125451150420501134243142
440324515214431145522530
120354113403342143312253
101000242532524450252010
143220253520452114421501
404232230252101353452131
512153452411133214342525
014501253533151442422524
021255250531310345301015
103302453414113500121405
431512131510443441405342
552503241323553345304135
242241224224123354131450
305155214254442554244543
113200333242044015424004
525420430324131411150245
325020425133511343450003
521125253555055301341203

24 5
310245322423043535454523
154313130103324323253232
301434140103543534234122
350255134003212154125421
022441451104325525340433
504055240113032545255552
220020025432022331043302
200011024332224513521541
543450442054554034123335
515514334223540440155001
505522350253205441353532
433414455524315113133314
404154113535010024125320
230235132301442325224112
451123543524300140531154
321515124102454100231504
121440511132514441312032
420113545135505244034125
500025141113104321435213
211300345554213112345124
131301004502224520305225
222131034451521111203014
200035144041245431255125
124244443413355315252334

24 5
134204222225124530110232
115432435202205125554421
534440150534140111203120
054244111405352121041253
044424332031323435231031
401051342435250153053313
244152414244213031312502
300103334331421504412054
543052554411221500404141
214540224230115544421155
150023310502221255153453
554202411355250240513432
235524440144051141352514
432234013342515153134121
424235300400530255330025
245354234100054033220303
352453414355325423310511
024532253524051522013444
252032440035535051432112
341031232210113443455500
435314335343243553142254
331441021425213102202051
353350511541053141330422
541112112211525015335335

24 5
534351412010103444124430
254121312422203224222332
230032052220154014101422
520205535225512504053411
331031402105111412130443
235535445223505245310131
003531502152352105440000
445330055315144532454343
140050152414121123313051
351330554524420533131533
220014154334402244340150
103222240051251125322133
122324421041431231334413
435555120441355131455255
314315551414205544253433
444235253024215155235100
210543033505431112253442
450033422214345323012151
430224302252235341342132
245131245514550531544240
545310012514202251411133
435434530045453445232315
103042215033023132004312
404124114155430152051105

24 5
353310515344425454205215
452125124212021111400022
044333245432413155035531
325351321415144133321521
014441552304350515011243
111553420542521321434401
353412032122232352253104
545153144441302243413310
232033111125541452544143
452555015315043513204032
312034231354452005243425
001231001031102553404451
013532105325015123254510
021541452324314423131344
302044220435555154520354
201522010543325042540135
311022302054245135342155
504112141215323445333244
150250033242553354122533
345201204303412420525152
343514542032401025333534
142424055334143222542333
544143110310010121522040
005342102011023010024514

24 5
040455402113120345423404
432250242134043015015334
433415245253410020022411
235210041122245113524213
140325545304342343314503
532545354413115431445000
524044110404512030540255
214111131311153134023115
224013052045343341525215
124152532221014140323442
121033130455121204455220
024054244501343025212435
251345223202102252133135
231155145151012334444441
444423310422344431224151
044500040422250440222252
315451133352254453451134
351035115104255235512041
301350515155050330135533
555143230033133152204052
223525332302415534135325
203333015133432100124252
554401202123105505132105
415105324431345223250331

24 5
233353425441125203353111
121052521322543415105313
004450233105131151402414
042152523341113320103344
510224152312325254501132
143233423442242150411330
532132410151233544501421
500043435110352441415105
301333302143513542541330
301100254521155434535541
455342000134312452440111
345500424214041314554445
123340054050055551035035
034235502104343132321121
110435202525040542123553
542235522413415325501413
412445134043454123313530
342243322202134220045245
522204403523455014442105
510514322245544521425504
221520140010502435222244
211153252205441032030305
542231235323550345143111
233122531401030124105332

24 5
133441141334501500051222
151134305024513351252224
014231554543243314422050
523410534230012423551305
541230224215001304303432
105033555124054523122333
345424122442513345201303
544132014412055030550303
014231334531332301444543
350545252422545255422311
353244400215502424323421
124112132415411402201144
534022203142055525145211
053342412512332451200531
415353212134320021540245
105431233222034250454115
331035011534234111143053
045041152451242241350335
011305542141045122432324
151051335020514351500455
441511511034322130424202
003204134415240410554105
252342132551313423232543
155152010354503230313454

24 5
353442121551312412203113
403453245344134340253551
222423115435153101102254
110354452102002545014110
211544404242402322425233
432123504214531533213413
212241120531324511143212
305423211325334135134435
021555411240121104541325
222133535541205311152125
245341422100015004121314
500313342111151322121040
511041152500031003350542
241444032143103010355213
503302022124445510510335
323450403445533131331454
050205322104442450240515
355443530403254544425202
335515510443455530002544
301221101242044302205250
332345224320545540333325
125033441125335553453425
420522314504554113104504
125335302322430132404255

24 5
233215515441545301225134
133534102211433532004022
025102130433405210215412
512455323242255324255321
203255405054441203512022
334533412203134124325041
515312023101132202051414
412335304311331242324252
124300213530144135235444
112505503155424401101442
005231535102414100240144
553321310242304401024034
152433102151255451232430
422133225151015302543531
401423153100450413153030
554554440313240245440415
505425241111201255214143
345003540225431304125022
125154405521445432032535
455224051014123331413124
542434334553104523551053
452014505145313521121435
315030233124313433243450
300351553041220203534122

24 5
322322205131055203120134
544011155342010413234113
451125235522515033454502
335313135042433320413432
341521235155451521024110
114134333105225203040124
505042531414422502105103
125424511152344201555502
121105445311315431123131
353025224544023430225242
315422441000030345240123
221323352133405311255122
013201305144315331204543
043431533321243452345113
554154250210402204515045
144322445423315154504234
434543104255143434443452
303305120445403220005021
151500353305421350014501
103312115344124030240412
435453501144455143214035
324553522415223441032215
510420515042234452221230
523111245022215035033502

24 5
554523123214322205434205
112335411055024525505403
243224551344035425453045
154055413433125154034403
031105144354120452101214
255403534132131213524513
152422554125121512031334
400433443135231533432012
012200451442532313124552
040401023430255200411513
423313213553344042422313
015201431542101144154145
042413320252555050305035
540015102413123034223403
532303221235551321224330
415115024440415341435254
512513131213325201332253
542120002510420103315454
345143302315503154552122
002455511244010423401350
533355310012511444143552
310142441043525345220214
252324213512024021440133
132210115434032015230424

24 5
025155520034033311543001
134525524111324220431150
210433203245141550523235
214434322345250345413053
122123355415543314534514
435255405525054410120413
231025321125011101015304
414330304421025405035304
513502504234050444244251
215240100512312022203132
542433020245343352103144
140500453144131441314124
102454024310311522545231
425212001352451334240235
513014433204144322242545
145052445522333331035204
152135110145230001121542
125510445111213124303152
113225510334505522412445
231011130305032103504200
314335332124534452231242
111514422320414425253243
420315035553412505424214
523355130505332235334315

24 5
022251122415332013412022
023035210133525400453111
124352255000355024445544
200015342403140200201125
314151204433235344423541
523154443034544404354351
431414501514432021343124
325450324442534231123225
404051023454402322304012
312030410224153430502343
115533412355521412152313
255343015545520431325125
424314500430301343211340
414221554250553153122031
435112400143553155421213
243213440510135101112132
452154225510523055252212
242434502515125200155141
532540125153013412221500
424110143250341311331312
511431545554030532425320
403553554433123135335421
500550232001402430342130
352033032255443134442111

24 5
140211525302120045201335
232343450042442224240550
154524200302540133304235
133013502403312310243514
524522554230412102211435
231514335444035423131132
355254033431245243005152
433141504254033220143343
441345553455544325235214
042045141110144323350113
045103215002233144044021
335325411214053323054553
534231452103112501153102
443312254152314152510304
055151032345244441325102
020211555510415143402140
544020114411355513132214
242254455125121430152552
242530452031422134050532
411253312410522403105354
320222042342311015034435
410540115103141253040131
221553304023222155152551
340341043213132533502355

24 5
452421410214001333022251
140553351003443053344353
113031212232205505412043
314053354222045225155434
412453422245230424353523
141352244421335423215524
531530251300434210414054
344130521210042353531114
540112400030443242110052
442435123443024112134241
050004531243153424220142
444221225005252020453051
315332355443514321314514
111550123230311315313105
224522455553130414503045
111253032422310112001544
324313144333045151351303
233440111550115141323243
514555022252245210405312
403524120053115055023553
512425241412015120423112
041335455034202112551300
105203514325011435435543
252502445230203455333451

24 5
541334352521103214312324
542502110422344240003022
422504045531330054054340
032154512240215422414543
001301531443145255242404
054304133151552135144434
013105130220142511002223
021422514441523513340201
440131514543151052403305
420105221213453322342301
301231044435253252015035
443223512511255525431242
241554534221532415314555
243322115345332544211215
443325103055024132201323
005344015313131510202324
052525003134555224533414
034223345022240202031431
140444102013511124414353
131321002152240530155124
355345054535135052330021
254244332103431201501521
144533132515001544553133
002434115133315531144525

24 5
043104223442122314245503
553531425335132143011331
444325411312520522441042
153013454005510544310521
125202520332035355410101
034201245320214311420313
420131030023131340423050
252533241214100255134335
224335431430234001042110
115054404432230133152445
015023111431225540413243
553555553301000154231235
554035053212453432145023
424135330350022511354451
413241122503533412351244
422455115314343554544543
455331522102251541211515
312021522435122554255203
522435400504342211505305
211523120413421500204442
424314011304125420250423
233001543530514524314120
411221542025132442441143
435314251155003025233403

24 5
403212501211432323102540
213413415042420320245151
111032111213533102211321
552423532351233330551405
442242514314240504243522
310411255112215053520150
414444311142524143204145
133402504535333444431101
025445542322551213124532
453352513133355523331551
543435040250430145522423
025153423053531051141140
331055311110042334213302
143551414452152201114120
535055354044342040510032
332225045011100445333520
544220213504340012040405
312552123331143025233135
251410543455031244135521
325232440242522453010225
211440004530220552423114
554140544153041235130252
305305525512324530033144
312122440343004425341204

24 5
444523344030145232435201
440502123321132253251215
443331352040423421145042
101350345132022522040334
015454300355124145252034
344535023135554522253243
002211555415411001303420
233333202124302421425140
354531101405222223502411
034525303054332044324130
341133015443103254221243
400034311212111552145130
213132530315520541512254
544440353035354433244115
342512324010002041250445
241442141155101133523350
215351554550441225122235
234513444034401230233240
201215220324251423150145
553111135554232124505450
333352012114323051342104
010313100240455515151411
414314255510155325125304
250014334411103542525235

24 5
454130541415015435221534
501250534211003222110325
134151514313523145322124
300331145225452100400532
240055015343142555151244
013411204455015420253223
240234401332532420023524
541113504453050201025041
552042043415553323200500
232321552103012300121522
115454453125352211023410
113112220125223433201521
521431354245030414051525
512452151451220234302101
354331442251355432154504
131031305334234244113413
545341433425354153353433
114431444503322422124524
530301240034251304413422
140520353442513345324351
053321352311451345144425
103313412533424200215024
210442150051152542054243
402514000313335351005423

24 5
030145301511154100534354
030114141520114202300532
404004454534440050430153
443235253224025103353212
054155535242521324343405
544122405444155330553431
411532110210114555042223
545151144451314355011134
441303503522432202031341
153533303312353420432250
004041002522341443522413
132425223514021333302230
350521012041004020452204
425444333554410454522351
111023131443530455224224
330135244011523335255243
131055220115425152211255
124453403002431211121351
353151525153242350314552
451054341204550124231120
214332200215014412244101
233520145405422503211451
322341510335243031533321
421115253542355122420323

24 5
133225130211231144013234
401023152441432540135035
445302250452014205432242
141250440103125413134055
041204543023230255322524
151552424412305202332321
035501423055232034113415
315154501251355014121120
321240503115435105240332
422534125030132254141525
550532414521140055345105
324140333551353551331313
245014541411211304513500
234241250010142455053330
245202032523453320520502
104244441554540254500135
544233041255414432443223
144124004410122231220421
400211214313521133550312
213532345323451333133130
530555323352244421534102
415002012154524304310211
432055124334155432531332
413404354211415143042055

24 5
212431332401550443153515
214534355034355122243235
203023045000120222340445
413452522350210011225253
300513201022032243310432
341442041522225450545322
155115254534154232101040
142052213122234141120102
313135412553013511313200
005321535321112105450303
314303512232130444520013
542453425314412325535303
351221213541304212045414
342524553015404452235302
005101144330241521515010
141141302424012510503155
430332514511504101441323
333454525414303402204134
410231355551323401145354
543011541254434531403304
524255452400214531133343
402305413311434502324252
205152254432323451104514
025034531251145541224425

24 5
255443452013335131013433
352524555402213022355135
035002131521323521134334
204402421151451311413350
225413231234320440513122
211210411331153145115311
351524305533213132504022
025420044413444112542553
104231214420002502150453
220123204453334401451404
245244141403242052243310
312033221505420555345321
340105045432002403310444
313241353510445331425222
314532420432515143413104
314543225220454203452521
523442405103225352250544
543211431050554520524145
241043554541251541141551
331050340520402110153313
435205052252451341555112
251104024535155423130301
202332303340205233140421
103131354014021355152020

24 5
510245204441232033355203
151141300524402155052551
312333252313253025323231
450552234511223342353223
315113024320324100353224
220113214132433550451214
321523314405350314141445
421330002341350154344304
144441524015410423102530
412224304251211345400332
304550523103500415203214
335104335222032150145225
530153244522152404312131
350453454415132454331541
242514254443540231340141
020213220134424214423514
442222553314231403300500
405224035451355041401124
013411051351202430214504
114555203015501444305140
553504132123323055255124
242251143531022352004554
151214511533132420215123
535114155403515001550321

24 5
243525452440430512551314
113554052221521341250340
123525413313004543112455
442244211555211053225140
553502423122134343043105
410011354123353422250043
355153210343231124413023
340432521424455012415531
241122202535101244422441
110305433142243221440014
525513323013115441133053
302023422204231402050501
045311321420442104132512
443130325554102423120552
330350014424151354504310
214355453415234015504150
524433051135302203355120
332443112304412034353035
322322323151445120455251
442041200255025210350101
243504530300535510442552
154335103231230150330511
454141213035421412224551
052132334542151434415350

24 5
351433102524033223041323
113355050304125003154054
350523305142223125403225
111434210110200205010341
504131141543454240004514
220203541315034024555411
551142544353045551432535
240002452210434443234303
410551115125540541211245
340141134110214521430111
054244242341114313544241
053322404333401315301123
334443215354431355014421
232204211520353332312212
452511032352533453545122
533514520522034325125455
135352022224321301555521
010402321525124554013431
520450231320235430252410
525003102534523214534333
125534545240021325005553
000211413222101004412421
434231415434044354432152
154413523420231515301223

24 5
215542525332054142211215
532502210413552414042155
413133030522343311013311
343425215515034033411201
403144152343240004301415
542032013334504142143544
431110404432544512532141
521025545051102232334455
435424134304355422254204
551524330155150002113551
122321124103153000403410
115015232552233042255215
323332344304552352441421
223545033305242051314343
424215351041002510345312
400141405403135544235510
221235341533350244515241
021510521003243321421221
143352524450111415230215
134243510025431052504034
125004253305045231512051
025335142214040535232533
032230143212144110004543
325133223421502254431544

24 5
332124501232043154504411
011314522032425502404214
522501434141343313531310
313343003555122535403331
503053431131245253544333
321522114245225444353202
345031110222122001511320
450114004531540251023503
320444411522253350020351
545534131053412212320215
535344235353231001401402
152440320014150342033342
141243104523553341210102
134245400452350125251552
202523424025123034013151
444554523133313315015121
210315503531200534504511
123351450444145454103225
422520422202113324404053
545544355102231554142111
402442255223445230445505
410213152131322124045450
015341314435553503024034
140112213322123052541454

24 5
544412051554501324102055
145510201034551525034413
210150134121535141421432
304512544500142404553231
453254031151032402240122
245511335415132203025243
402225000444512150054321
345413154515523015444232
553300431134305511323224
141422144153432143421353
205345254423333153050335
251202110225154332522140
221032125343142045140142
353240014334244433125350
330513331044302052353525
155441201102023235250010
422145144153025013351353
024224112351400143302521
321452120324353553452335
142435304444552234552341
501221502343125122114415
113203302051231240443203
444310101511550045145511
024305441233323305301022

24 5
015325545230501325335032
512131143555420105315530
441452313444322224514531
554011514352133411314013
023223031344535534125251
102042404333204000305512
421354330521014351453003
013452320105143125500232
034054432141344445223220
433444154533551521553421
522104513251515404451442
014305230252525535101240
205234200502121121112415
314422104553240515433550
133323014141213044434142
431031212510043350253311
201320535252522205034254
320520544535431521312203
513422243020122250350132
323250402545312413001251
152541343411320520415354
350434524403123144025241
531001041120425104125534
443353444113112324124214

24 5
014014320433445455025051
210344425245243520444310
550424223143313404254441
234233320355302544105123
442413313502202400432102
032454200230345313221111
250010312321313112531252
211404345535123252352504
404422230204352511045250
534545442155542435024251
101355415414154145121011
111145224545411300432505
133524330224105521521050
052450320011544425213213
410312134232520434134130
151320341343402501522444
221343232554110134133514
101421314205522402555031
250253025410043302235515
342405103513315251035151
442223230553005233402053
535515241133354143110235
514545225323403115343151
231413344531000132215033

24 5
321252110441545033143533
311533134214133330154025
401044414455434353531215
354444132242043153003035
154435250324141032501132
551512302523341522252050
225001002240452243540243
201423252122534324445552
401300344215111400224543
452250152143251323333450
444302503533505302100344
545012003043334254441433
334122552345341030153242
153222142003525212112323
553112015555011211100545
214045104131000011244512
223320305103334344022050
514435312215152331542444
154134152410421325505554
041130011325233245221255
134542255441221054311011
451421410240141302102435
550325155354330352252141
123552421521131043030314

24 5
335311454514015422012405
131451034353442454301152
052400241552411152312412
152403440145054531325445
554052143032303511251343
435451502105033105114210
205113530310300033500042
005004324405414325452233
433341305125521214341332
223514325314154244423123
342425404055243215432120
334200121253211525315045
512544125202033311531352
234441012031242353244144
124551515553551433345425
354451322003132503022323
203345152101012231445214
225002020245440204430151
321354141554542154011032
233525200114222021555121
131425520115032402034235
300155311252445205103232
015434334424030112211134
332153155444443331023035

24 5
540211334341040051452321
441124352025345314331151
144550142224454513015551
222413311155302212020020
555304344522252234235351
113154104133432503551142
223255422300050423234325
342154053201102421101325
524521031014335010422403
323434324053533144044244
214043050454311243120155
514015435003142511213535
204544552324352512154031
551411344533234404511343
151251112423504002224520
541355155132140241333351
002050023225525241143301
535402104400340011303245
102044223323155545245254
553023120545022131431510
323534211223435421111520
330424254013351004031103
334441321405552115301010
333055241424422252352343

24 5
220110450251450521224503
552421513301324442533100
041401411343511332505400
340530050255042112003154
542151305300014120433253
350220551153051042411055
153052235413444431222142
115015021543402321433024
553230013520531425443513
515423141045453444412134
455110540115142432505133
402221533553243424121304
322533023451113450150245
052211122314510415223333
345241411244444333233322
525301015303512420414003
201151531104231252434332
414415235052550153145342
323225551402121555422220
525320411243333405000335
114213221433135121410353
242420332550531414400255
235245320234424044100323
213544152335454154104212

24 5
000225030024354424542455
401341142155314502012531
105044433243504255112110
500405124423012003254512
102141154124143351031321
212554312112513132125522
312043314424505155244455
404133434313344022233330
100151135552354305142412
253240410511405410324553
452432330532402254225510
512025253355232241351415
254200443053003341100225
453323151543221101423534
050521033035524031125241
352311531234324210405454
533034030303312305441110
515303051213422214440433
401454014324121152425455
334243002442535510435533
241500420314302152233451
230102122514452110544131
032114523143251255045513
213534523243222310453115

24 5
003541543135345455131335
155031301522512545124331
203512421210311541524425
111122005532111010003012
215353553511110435552232
441351423552010421350113
132041444252033441340240
120241004512432030250305
152242541523414434303312
001450415145020521310305
334321043430420220222522
431235221201553425445542
555400523252453555134442
245405135423421414501335
353342452333125111420154
534243035523500121355052
151152414541133324203534
352443345441334404233012
331004425014024212121041
252521224403032300543450
200152430541410535332532
443111323412142235434023
142124145523113454013130
523104503104355040225210

24 5
555005322321543223255541
100214055122142453454232
522442531423424522334454
153051510033135032350214
131332115251250215443430
313333312542533212031045
001313203420504312420122
545525224234555124043051
254413034334332304504023
142224111304012032242152
113423152021410105043254
254401530551352451223341
345440035130043143151225
323531225400144413224442
002130150423551415242215
451220034441030411425131
555514542533200445335022
540151224542343033505424
210013151510412521531314
345422414455514105330145
520425510331520201130143
000531251054420014153022
314511532113502044333353
443145101152311342153043

24 5
325344311433332314555011
434345525101323303111304
020440453150513140442204
550243332243422554221503
231155430521332412014410
245532231535414401201250
431414302543553431245420
515223240103454225322251
325504142501554324534211
342425343331521135120034
311115152052145123410023
441414052154111024512443
245242505444203030512535
403113335432045341242023
520154241334105421523521
532120442505052002041320
102435121321010124441453
421440351322133423330353
122421100154050204550240
051534411132531135524405
232155531520540130523554
140044221502133034445405
320550201052530313331545
112122525321510353203311

24 5
132244042031451554102432
155152324032034111442334
532211204401335522521015
333202355125530521434443
205513022325102141404124
412003300352051145352355
324240421104043242412401
203055043321353555051501
512001340232453433122411
334213221033234523453420
414420124222111415342214
452215502333243031150522
245432405124143002241144
555551341053133440505035
153525145115045320121110
013013252511035243034121
425354554111304120312045
145300103035133522003434
352242234540054523034532
155251041551125541221425
435225432341343143013134
105305145230042545304425
124535110433444352433150
041303405215151213205214

24 5
454534155134430512344154
304122352033210221115451
552130233451242430523210
035145524243512551114141
045505253354510452231232
544403335142241124434312
253114112101424550512154
250043332144404125233202
523110452304221321135332
014453330541424354223504
435011353011005434330242
350102520345102513112332
213052521133352202111155
424354024502321321333122
212012500354350424155350
505550452013254311541100
404423414242415354550314
024452414151051340351241
203521255501444154313230
301530034121535034502342
325401002215423105214115
050215002535242331104433
223045105131044254033304
500034233334232415521424

24 5
315315511513225252432525
422211252245513333513212
535522234140034552302405
451434135554531550225251
525300044345133444140203
443502252510344414454345
421312223503524135535414
522130101350042015135543
010332041144445240215221
045035520440522512402335
110021425301551534514104
114220530102510202404130
010551121234522412432440
345045425304311053045255
300552252323435505255242
125444004534313450301335
433502441521334422235215
500514154114533402042514
020242214432123433030141
303420301304220020440541
002121142133233123103111
324533413533120431131515
035331423541412121315342
443352001114113131123231

24 5
023553424331125110050552
014244135152202253430515
154224444403424251341002
141132124342355103534511
211325550453222204553301
515530532122524023134101
414125451155534103243502
243455432430335515134413
434432422410405541100025
513143042411315330123515
204434155151335214111124
330021252001433432525122
024520432551322234135404
345101425520441144434120
234525223353554141523341
252303135213525424013104
232322154543133331505100
122300403321250431003513
443312520003424521300034
255111241310103112020402
132545355452524244525330
054450113334405511213322
142503410421325430021543
155143512024050300504042

24 5
532330553331354320232345
142203114123550335112004
402055045542314351455313
440412151110550453431241
505522121502343131014441
434424334003342132412510
554352534441540431233112
052324033513541135432422
435151541413353442505511
043514532542450452423342
405510330214214535025454
331250105425440432251312
511252322015202320220213
350413010432331251032005
334454105314432223442140
012410402525455215113113
343221512134500012432410
324310130501351000255215
535244512153312552105025
215052035540515212442253
041402543445033302020443
022100214302431501433421
532115401221344513201311
312425252045521342441013

24 5
135315522543301503221411
105050152344045144324311
534304532210115415335112
440121551220241452154255
433052355055105234021453
210541142112344111523301
032214020553315510050332
422415425125553553100240
320354342224431202541035
045550451311354343150011
524243512405040221543201
154211432000332001034321
530102340321444454124353
051104415432352445135051
520251043311154242313512
331324142031431340054205
103440521234414423340150
552023551052231225042323
345310305534223250533244
304113102503322425214154
132152121443323124342432
524405221324431240011314
204525523355330532102241
444253515533200413314405

24 5
150513532502340032515444
331231453543215102515300
120121104432143044322343
053444150355350254503050
241320325424241051323214
022202144052302300423202
454211213405312522523031
044012512441553450231054
450144414330441250342133
102242415131323324022245
351223400141154321143414
132210331412404331301440
011235352344405010551101
554055024214521114533133
514140013101322141252503
343150503114321241122213
243513250253433135143301
514543532332435425355552
214244324015550322145522
501025250435314040503343
145214302544512335504501
224003255113552310515512
443345555205422510251124
403235352310151041424253

24 5
315551443410433102150235
351054220535445343125533
151041005050032402224252
321245215510211200030454
325232233055424144401444
000201230443512333234224
135115243305442023413144
344300512215233113413224
351354300131544441030231
514140141452303211323253
351131502140334155424252
452351225251321515004340
122454124542111552442234
523522310030325222343325
043533512205525515101452
524212122531350550144103
451050452350144550300434
313342112341413151210120
534253144524525300522251
242112142335433303240115
302051221441234031041325
554152323441105450031335
205053553511035311044254
101003130242444414035451

24 5
142555445120030412203354
310104025435513512400124
415455233552334435512133
512504433510334323224421
202241253421005221510033
401335505434144054523125
352110533311535415320221
524241123444251414551113
122452131155545054453012
140052332142330425231224
335250004442141443150522
452243411404255011431553
320230333511524134210523
212414223155523323312011
304224504510353034014501
403250404215015144042403
202234510354544430123001
054031335222254051512532
332423014114222552000113
515534113133320201422304
334015214422042133423352
451132511341525553210350
120503510555030531105402
434010214453414143434215

24 5
342305101255242104552042
333035110223111341555142
522040330444221303420451
442415332200004325321522
231551151211142504023000
103213551402253154152254
151211532553223215533531
355550210433413440355015
535022455144354423013344
545440410210354422201002
205412040110533104125015
422422044310532202350535
311315151300350530311333
224520311513313355321330
234305424044143342335113
530421014012224044155242
441511121055400553301242
544233002403432542530411
253143304244224041330212
130122233522142254245004
434452121132355141354544
310402222341544255105443
355145334345251415553140
532314451025313011451112

24 5
333533121444001233331344
452141321504044452122311
205323435540012324543401
554105351524205011350000
250453105333225532442134
545533440222232315041332
334135540544155530001341
524221303254421211402351
244533144352331014201524
152005312540553003023550
511241110120013432511444
350200353445425212221532
432251232332245211424503
315034123331341433351440
413134203345543132345111
524210201010211522351302
212154221535225012204321
533015414455523312524310
415210425421113011533040
510434053121150451422303
302045351552143104042555
244430225521022232540442
142404501512101553104555
420354430145514135024045

24 5
511302224435331322222113
533152551033055325244425
313452415540132203315413
544101151404012520141434
421054032321431023454020
521112321243241425444325
120153212215524024221414
043235544555144542312354
341234345434033141503151
445425355024252432143135
041513200301511314111414
423104515323011015001420
512032115143203425434224
544530333203255435152405
335341504455503432411404
215050032011241542053235
505030322544323030213410
513043013423453514522453
142052400555120212520330
322243031221112424550152
402330411213451531010002
313312030103233444355345
552442122504532551410501
322103355131500520245501

24 5
025334105424400333550332
511240211232533111452312
313530534141313543535201
155023335242105023015340
114242430121542115454354
411252241410211241242344
411410404241453203354451
443250425541530535345233
400234330314344234055350
222351322035233441134345
423123130350324123340023
245132114335114430305353
251052320452335535422252
151132320125155252252313
555321054450233141440243
450413555105434203410214
321142450032042122552122
422241330125250041053145
525111015440252042144134
035550011243400112220444
454203424015500340520353
151012205044551452013315
542035505143020501211102
411552332514001123154131

24 5
431332401521403314020205
043255134254102413510551
223213214313030345105103
130552452345255211515453
505400344422141243401303
000331030445225124525433
113155131112455201131530
531251424454305311505132
302112023433032335013322
232522222545455203245343
245225122112353210143330
424255343311034541442051
031133204312452244202431
230450540501111431444353
050442243542253231055455
233105431140104232405243
302454305140534333115115
115024233441514125212410
324245105440435135123443
512535350105225251402311
015454450550125243253245
101432545510453101024012
111214030311252413304203
244143240550402522224540

24 5
521353402504255213123504
513420441534254255452514
244143434103132534140545
432334202231152120352511
552030250033321045435335
045112215433251144154012
451205220024202331420421
321050131225212323354335
120342320555450024441342
522255241015153132125250
512352014245313354001152
235415244024440043232334
014210122543035110114433
023053314433502535421343
253323444211355301303143
115213241400551505144034
345353530444100414351411
251444540510313112515214
551145312510041423021034
055230134433242424425255
441021001423543132555222
221525501352513533004052
325402321040211033045011
001131342103534100213541

24 5
321014113254150321501320
301113330010354102145431
055122025132454454451415
211544052225335043142035
522344332453445034512223
420252335355312152240453
044000221132044413055434
343054510002321525232345
540311452032540545452005
324225253045145125123243
223431524523151212015301
515312512453514244011520
453133533533310342223515
204311432132431140104433
451230233305103513403201
333104013442032540432131
105012520214044232311401
311332144252001554040030
351020542541414503142422
524222324014342421524252
254505212315311153151141
415243011431454013420143
555004532552335455455024
155012400101251231334543

24 5
334301221332352145421020
501321252335412213443551
350434233132151100541455
230121012512522454441240
305201043424521144510121
325253021144322422544223
051134141300303250242343
130252412510015552451242
535554232033113224554303
152415044124341441341125
322501552504242355242323
424024205401530551154352
321001302452315155054333
432553144442411334031522
333413515311023310134402
235111531544232320503132
151035005213011005124321
421525400441323214134015
450313130510503452440234
504435050411241454315153
211550455045405400230332
530325134405202201401122
444235541302505441333314
021005452011453335352542

24 5
111005114050310541343305
430332325342214351111232
513431244100153350215020
005341351252122324123444
524022310554440025552533
332435225053122241312121
251313424223015023302151
412522432531315154033430
355420243222502253254411
321132253251142340445544
301252405324151412342130
021513412421421304244253
102103235455411014425035
015424331103530455254015
251533241101314113251445
012104130252125133031412
035211533422454250414050
544353440152505330010335
223510150321524322225532
404504414115354400545443
554305422354050140154104
401433300514230335343144
321445042002555204434243
135253343111013250552051

24 5
334005234123455234244514
051010435443352315510523
501402110534542311331213
135351422240201335004104
523411022300121025221210
225434322524324203150001
502532034520343323523141
211144155021335220011420
345114453401525210315042
323344404521154120314531
431131441334042023404523
222311311513224301350124
135022254253033104030203
552213102513414021305304
450010041441253445000341
245552332232543203412531
554534501431115325144554
220312513251455351113105
432301350153404514444404
445513432124203534304515
555215042224312233002030
123214143335251532455341
152525552003535155224514
215014444052251542414532

24 5
344310143353214102425241
315213051532341115433120
001513322051504300440553
041454134535210125421002
512141135425042245131520
050532024322551542330321
200544534150525440535433
400554523133414241013134
522421050505334254241350
124044131234532342110552
341113413215152210355135
424043402121115043304521
213030353110324101534510
542434224035411124555230
335550545153244413353022
345232023111441222540440
022052442451123024521531
123450241204152410350345
230335331103241421142334
351331153140504220220214
044155453102511002225213
405435134144505400322323
550230222325221443533152
324433515104312554510235

24 5
344103355221250031353000
455222402525142334252205
015113522013125532041023
455045340303320251100024
105111515221013354425301
514132544535315454241420
424432134235215215225453
313535044122143321453401
434333402114033031245531
022533444500333150440012
403052255222532151411555
441435432413332150132220
450540535551343353251220
103415152533014334112253
231514304112010344112341
210524554025410133313135
354430140322230424035524
543210154442434305233553
102221555543551240014521
104124234241521431012343
554304013355113551042214
315032504522520224441421
012412345040110124241231
224143520030044500113152

24 5
252515123540435022322002
155204241205354432443123
323500443412041521551414
411151230233414140103222
450113550533132222111443
523114013323005553342145
043222323231231251142354
431124532235410233301020
113140532124224420502501
233542105415314301500504
240532355440405422500353
152135540431145324500012
413232055213101015312014
440253525322440513525224
105540334342024453114324
150154514105435130223453
022511354134104301515413
344542013335522500201134
445431335413301135551532
042452312210503023235105
044331133314221512212202
445542155044430511400210
452121440253133445253553
555042115543340412341504

24 5
231154554041115125403254
012535401424101220114040
030234335055122003425405
240053342032353404034220
042522221134145124453242
004551012451034353325254
341545533341024150124351
035511445313512415134145
252422235553242443032241
411520502000112430334451
331500330133235243552413
102501535000441505001251
110335415140232031353420
444441304522512202402232
145542330314104211334130
545424011534132123230310
451115355523055024534313
451131332311424342255251
401455443152125253423203
353342103405221415250341
341512315325315521320341
312244424245412025420251
122350120155055532350042
324313143145403151122103

24 5
504515015333422311002510
455412410544434204424222
010332333542205142450304
452412343323242443333311
112003515521020300542243
135042241415114343030103
122045535453235252055140
315241153550124344223111
024311230114353222233502
413430233002440510254505
251222404253112541532343
501503144521210432133300
545020423413314031015554
555334045141314324244300
141001302400303332510043
455112412453250141234232
243505324413311412450110
521311350515501140555511
342401210345412525352225
331152152513515220115232
541113543254111234325121
452053330522512332440454
244503554440244042135054
433152120103522055532145

24 5
515322223521522542431532
530110453342112235241415
251134524422311151011413
555030322145444515045251
021352222345503321144140
414122153300024502541045
312512124333011500151520
403344335412343245521233
125353323403334433245242
330311502301240053200231
520440553142253044534514
215551455402341202254430
534203351101331404532124
254114500003054431221555
510522540102321453553044
422154513132305034004324
131522053450440542054530
031333254045542501532120
325124122132123111330024
404504312111413311124011
115541523255221300350021
222112403444132025411033
450455335433554423445512
545442043313130012010434

24 5
425325125122444214310314
055142354153543550103534
325243513332245014522454
412532352025223545030354
351352432123113510504143
523123553122355422532225
551131031233410434510110
313103321103203055230210
135122001322441203253531
215103454110045424404245
543250431031054544453215
525524250042314352145133
405453422114420040250133
523350524510342542114454
200032441250301343133312
323034054121444053214310
424115530403242230441510
401202523451151510245152
351422345331124511223151
014524310552420421102331
455321450041343322212552
553344122333313141205021
551055304404240000301415
110021040214540413521443

24 5
114220450405141244132423
334452324513134041553115
103423113235145433555312
034411532225320531003532
353343401230503133552311
545015151202521415431051
112523212334354251251531
124321222125203154253201
114014250523201250523351
104100421134321200532325
032445312533001353551443
544322543532042025504453
541103142035402002014155
151205341442544240034103
445212214402242500521032
202113244055254433532155
534025202401533211531505
552542301410215420332131
103111550551042321444131
151410224144421255214104
442040124301224013515303
443050233210450544234221
545540540344331245435454
513443332032024533003303

24 5
341411305310133121301541
225315523333213301503024
521512410015230245001544
154320551540113213304515
205141410022335542412555
351545312404330133505250
411431102452111042541422
113252554050354142002302
142450505450234444023044
452135402253405542142111
011252034425122113450332
531355240301255342305015
522332324143324133253521
441024225121312153401344
203221551204522521032203
135134545433343302143312
341250313205402423324421
505112002114400434514550
522122505434200335132134
352545334512403313053304
352443233313543144521554
412531245521532211144030
440120510442550352525134
430040102140215143054424

24 5
252034035323313040250144
344143454515414301440215
351021243345351413012125
243051325030133204304500
505051134432124503444241
241522410052422514342410
512213343341150203014242
124222213524435410312315
135420234430141444305114
351344332355342150232255
152414035201433502504023
112545552255135055130251
004041204305215131354001
153404555055225324442334
033150043104051015035154
422315121031442222234130
203502344420543101530534
424321224501040513202001
153322245533144455353255
525352120512113151141102
305443333351235341131432
132322425021413121510335
552250011041104215352311
533142045234145522552242

24 5
310524144524151455040110
322225001231100521443104
052424022554423453302143
321331254110130240134214
541554054533244441334553
014524211200554453124012
310533102253004243103321
221542312121044125011151
102255354044252423444225
320345012451520353353201
034023020343003302541235
133415134151301355001434
334155041522115200434104
350054435330004011244321
034404153140535544231552
221521314255233234405350
045451125302123523530511
133222114235440245232322
254550331352452502112122
422450143345045432130321
245140515131153132140505
455452231355353351120411
424301142520343135003252
054124131412535324123355

24 5
024021310034355515031403
414014341023434432102055
131550524324553241410024
215152040142512515125150
533445044153101142501225
103322243522240231331455
423443534355212242122354
223205042355235440054535
534443523204100110112320
012212510430150111453353
203155534434214301102255
353023324315002443245133
425000024540535053214121
204141544332212215433423
332523534415151204122350
021211244512001531212443
355440254213550540122220
340103534403011424344141
030101314231334415543310
512131534515515425232335
513420054043421152254052
421510113103033513513334
130112141314244135202505
240452532235554443205253

24 5
100515254243444100215231
113333221251021525142351
442141433142403214254014
110022025435301350543032
511254025225023251435234
232235522410433432544402
324235512123204110110044
040203213331130554422313
524441514355231554040340
535022320525305200322150
004301423143224510143025
510120201413355444442432
300453334315334154004021
443205321551112353123335
112511443224224325551545
002013515133541433554305
331515333151202244552154
154104123102034430433130
541310102125535555531323
340205332022331404210531
020153012513051513534542
434124552201054441511424
242045145510245415344125
413512423251254534110200

24 5
115123205432540053320024
023523011051030012311114
344504014451322332525255
555322222445235351032034
042254435454214442132314
422140121523054113300045
123241011542345143311153
515412343523410512244153
403035202230110524045402
534333251131053415103034
053414413305222202055351
322450254111451520135212
504030434225532124120552
145542034432421240252452
451155324233224030443303
043122135443312513110303
134150440442234521241253
110315534535452304322153
131155145353021243154205
005234010045155423233121
131455530241531352504523
051442531101413205504050
434541514141121324005254
132041103353524130344022

24 5
234540322500234445201154
014131554113132323155121
122145455201543250234041
352020042002053105004133
135543243014443234414444
154225555351134015552433
100430344320152133201114
134250222045422545341150
111324432323105520550405
154515321400112142345203
510122003044443045005340
023323521022145301315104
512205554421220125241333
512515424532202114413442
033133131310544525302223
403512224245510515533115
104452514453035442344320
424225241445354521211231
402455501102453402514332
523153513522515403423312
321150540311112343050405
101532543054335235220243
132355033423303331023153
151420421401421543130132

24 5
324124530150422032351033
234155554104120021124443
140154105134332254204220
314344233502543241122323
241013102332151043535314
010234514003302301054555
111305555222525544331053
544403423411254031344151
133030252111202315553115
240105135351453453132205
425440041424024112124141
510434120320321331545422
540503242342353432401020
141545105324041510320021
210142154231505413213244
252100435255552224302203
333125231321032054122154
051224453351424515212525
552400014534531000353230
232540253443505531130043
224521543452353131313433
215431005111304435512451
013224255451410514454453
251243010124034244513253

24 5
322152353255435225212115
141044424303510301534334
412254325451435120214442
511341351240311152305131
540054400152242553051111
030045155042355335404253
150445522232321103054351
554203355322443232430210
424032313330244530330152
425142345144431142502021
251420424334324220432523
315325013531043212021310
355034053100240054251155
113325135432224120230545
513451123441105555304524
210430044130120434122204
540445154131311224534310
023150503014441255533502
135123041502453251101411
041434203302510453031551
145025234312201041341331
042212205454415541222535
352302324341405345411225
355110202345204123234311

24 5
215304223053051325502514
432202021453540125341543
304503531334455142511543
113101122454412440445452
453551251130524012042223
043355331015135313435252
311513434220102013301335
503142322555343515255254
224100203113440333451212
011332510435222430135543
114501152032254404113233
314254044422124245013142
212451034033350553252321
540414355305320342150533
234051423050054223031233
110503444552430033231252
001201213310011550141135
202224422511244325532230
220345011351522134045140
024245105434110245352314
114521341322344333101454
102532153011441050132241
545510225544454144003025
445154014404201542551223

24 5
511244422331532125422340
151524512540011252345141
513431355413550240531302
205214522355535234030434
451124140442034041130023
354414124135331145252403
553020033125123025205011
124113341142012523210312
424051120133112052242131
445451130101513545312435
154522455522141433323254
520534105243245003202210
544204034013510210300102
424103210133025445443151
120233500454323515011303
343211554112400141325205
514442200203343103422442
155115122455523424314324
515351543323220101304533
005440535054433205423252
312455155325034344340354
544110205002504121142325
344102333455252133514533
551020535114233341204322

24 5
313234254333541311131025
454242100421230340151310
224331332512014422252334
314433555145014440035203
222400232145053533523345
011332345213430522424545
121254211120130144045504
522431453122530145440055
312544043101431521554504
255021453032042045141023
554330151135515334151132
303333430012225550145315
222531241435504042451032
315351524322541013230454
150243300201551545242532
114420223040554202114021
251151434352144255043153
340141354201414315224420
524211144335550015201330
520345330441003155133243
401325512421525204044214
051343014511511041515430
203151530312512053230420
221435223123302424032252
